Summary
Hardcoded Solution = False
n = 12
Distance Map = 
[[   0  745  665  929  605  521  370  587  467  670  700 1210]
 [ 745    0   80  337 1090  315  567  712  871  741 1420 1630]
 [ 665   80    0  380 1020  257  501  664  808  697 1340 1570]
 [ 929  337  380    0 1380  408  622  646  878  732 1520 1530]
 [ 605 1090 1020 1380    0 1010  957 1190 1060 1270  966 1720]
 [ 521  315  257  408 1010    0  253  410  557  451 1140 1320]
 [ 370  567  501  622  957  253    0  250  311  325  897 1090]
 [ 587  712  664  646 1190  410  250    0  260   86  939  916]
 [ 467  871  808  878 1060  557  311  260    0  328  679  794]
 [ 670  741  697  732 1270  451  325   86  328    0 1005  905]
 [ 700 1420 1340 1520  966 1140  897  939  679 1005    0  878]
 [1210 1630 1570 1530 1720 1320 1090  916  794  905  878    0]]

initial Solution = 
[[ -6   3  -5   9  10  12 -11   4  -3  -9  11   8   2 -12  -4  -7  -8   6
    7 -10  -2   5]
 [  7 -10  -6   4 -12 -11  10   6  -7   3   5  12  -1  11  -5   8  -4  -3
    9  -8   1  -9]
 [-10  -1  -9   5   9   7  12   8   1  -2  -8  -6  -5  -4  10 -11  -7   2
    6   4 -12  11]
 [-11 -12  10  -2   6  -8   9  -1  -5  12 -10  -9   7   3   1  -6   2   5
    8  -3  11  -7]
 [-12   9   1  -3   7   6  -7  10   4  -8  -2 -11   3 -10   2  -9  -6  -4
   11  12   8  -1]
 [  1   8   2  12  -4  -5  -8  -2 -10 -11 -12   3   9  -7  -9   4   5  -1
   -3  11   7  10]
 [ -2 -11 -12   8  -5  -3   5  11   2 -10   9  10  -4   6  -8   1   3  12
   -1  -9  -6   4]
 [ -9  -6  11  -7 -11   4   6  -3 -12   5   3  -1 -10   9   7  -2   1  10
   -4   2  -5  12]
 [  8  -5   3  -1  -3 -10  -4  12 -11   1  -7   4  -6  -8   6   5 -12  11
   -2   7  10   2]
 [  3   2  -4  11  -1   9  -2  -5   6   7   4  -7   8   5  -3  12 -11  -8
  -12   1  -9  -6]
 [  4   7  -8 -10   8   2   1  -7   9   6  -1   5  12  -2 -12   3  10  -9
   -5  -6  -4  -3]
 [  5   4   7  -6   2  -1  -3  -9   8  -4   6  -2 -11   1  11 -10   9  -7
   10  -5   3  -8]]
        
initial Cost = 167053.83582159772
        
initial Violations = 7       

        
Initial Parameters

maxR = 10
maxP = 10
maxC = 10
T = 400
theta = 1.04
beta = 0.998
sigma = 1.04
w = 40000

        
        
Final Parameters

T = 797.0453217892804
w = 26282.112967005618
bestT = 398.5226608946402

bestInfeasible = 136406.5972302448
bestFeasible = 142025.0

time = 181.23095774650574

        
        
Best Infeasible Solution ->

[[  6  12   9 -12 -11  -2   4   8  10  -5   2  -7  -8  -9   3  -6   5  11
  -10  -3  -4   7]
 [-10  -9  -8   3  -7   1  10   9 -12 -11  -1   5  -4   8   6  12  -3  -6
   -5   7  11   4]
 [ -4 -10  12  -2   4   8   9  -6  11 -12 -11  -9   5  10  -1  -5   2  -7
   -8   1   7   6]
 [  3   5 -11  -5  -3   7  -1  -7   9   8  -9 -10   2  -6  10  11  -8 -12
    6  12   1  -2]
 [  7  -4  -7   4   8  -9 -11  10   6   1 -10  -2  -3  11  12   3  -1   9
    2  -6 -12  -8]
 [ -1  -7 -10   8 -12 -11   7   3  -5  -9  -8  12  10   4  -2   1  11   2
   -4   5   9  -3]
 [ -5   6   5  -9   2  -4  -6   4   8 -10  12   1  11 -12 -11  -8  10   3
    9  -2  -3  -1]
 [-12 -11   2  -6  -5  -3  12  -1  -7  -4   6  11   1  -2   9   7   4 -10
    3  -9  10   5]
 [-11   2  -1   7  10   5  -3  -2  -4   6   4   3 -12   1  -8 -10  12  -5
   -7   8  -6  11]
 [  2   3   6 -11  -9  12  -2  -5  -1   7   5   4  -6  -3  -4   9  -7   8
    1  11  -8 -12]
 [  9   8   4  10   1   6   5 -12  -3   2   3  -8  -7  -5   7  -4  -6  -1
   12 -10  -2  -9]
 [  8  -1  -3   1   6 -10  -8  11   2   3  -7  -6   9   7  -5  -2  -9   4
  -11  -4   5  10]]

Cost = 136424.58222316115
Violations = 1

        

Best Feasible Solution ->

[[  6  11  10 -11 -12   2   4  -9   8  -3  -2   9   7  12  -5  -6   5 -10
   -8   3  -4  -7]
 [  8 -10  -9   3  -7  -1  -8  10 -11 -12   1   5  -4   9   6  11  -3  -6
   -5   7  12   4]
 [ -4   8  11  -2   4   9  10  -6  12   1 -12 -10   5  -8 -11  -5   2  -7
   -9  -1   7   6]
 [  3   5  12  -5  -3   7  -1  -7  10   9 -10  -8   2  -6   8 -12  -9 -11
    6  11   1  -2]
 [  7  -4  -7   4  -9 -10 -12   8   6  11  -8  -2  -3  10   1   3  -1  12
    2   9  -6 -11]
 [ -1  -7  -8   9 -11 -12   7   3  -5 -10  -9  11   8   4  -2   1  12   2
   -4  10   5  -3]
 [ -5   6   5 -10   2  -4  -6   4   9  -8  11 -12  -1 -11  12  -9   8   3
   10  -2  -3   1]
 [ -2  -3   6  12 -10  11   2  -5  -1   7   5   4  -6   3  -4  10  -7   9
    1 -12 -11  -9]
 [-11 -12   2  -6   5  -3  11   1  -7  -4   6  -1  12  -2 -10   7   4  -8
    3  -5  10   8]
 [-12   2  -1   7   8   5  -3  -2  -4   6   4   3 -11  -5   9  -8  11   1
   -7  -6  -9  12]
 [  9  -1  -3   1   6  -8  -9  12   2  -5  -7  -6  10   7   3  -2 -10   4
  -12  -4   8   5]
 [ 10   9  -4  -8   1   6   5 -11  -3   2   3   7  -9  -1  -7   4  -6  -5
   11   8  -2 -10]]

Cost = 142025.0
Violations = 0

        