Summary
Hardcoded Solution = False
n = 8
Distance Map = 
[[   0  745  665  929  605  521  370  587]
 [ 745    0   80  337 1090  315  567  712]
 [ 665   80    0  380 1020  257  501  664]
 [ 929  337  380    0 1380  408  622  646]
 [ 605 1090 1020 1380    0 1010  957 1190]
 [ 521  315  257  408 1010    0  253  410]
 [ 370  567  501  622  957  253    0  250]
 [ 587  712  664  646 1190  410  250    0]]

initial Solution = 
[[-5  8  5 -4  2 -6  4  6 -3  7 -8 -2  3 -7]
 [ 3  6  8 -3 -1  4  5 -7 -6 -8  7  1 -4 -5]
 [-2 -7  6  2 -5  8 -6 -8  1  4  5  7 -1 -4]
 [-7  5  7  1 -6 -2 -1 -5 -8 -3  6  8  2  3]
 [ 1 -4 -1  8  3 -7 -2  4  7 -6 -3  6 -8  2]
 [ 8 -2 -3  7  4  1  3 -1  2  5 -4 -5 -7 -8]
 [ 4  3 -4 -6  8  5 -8  2 -5 -1 -2 -3  6  1]
 [-6 -1 -2 -5 -7 -3  7  3  4  2  1 -4  5  6]]
        
initial Cost = 56211.1918526
        
initial Violations = 8       

        
Initial Parameters

maxR = 30
maxP = 10
maxC = 10
T = 400
theta = 1.04
beta = 0.9999
sigma = 1.04
w = 4000

        
        
Final Parameters

T = 798.880727709
w = 8103.26606151
bestT = 399.440363854

bestInfeasible = 45929.271412
bestFeasible = 47583

time = 29.7313649654

        
        
Best Infeasible Solution ->

[[ 8  6 -7 -8  7 -5 -3  5 -2 -4  2  4 -6  3]
 [-3  7  5  3 -8 -7  6  4  1 -6 -1 -5  8 -4]
 [ 2  8 -4 -2 -6  4  1  6 -7  5  7 -8 -5 -1]
 [ 7  5  3 -6 -5 -3  8 -2  6  1 -8 -1 -7  2]
 [ 6 -4 -2  7  4  1 -7 -1 -8 -3 -6  2  3  8]
 [-5 -1 -8  4  3  8 -2 -3 -4  2  5 -7  1  7]
 [-4 -2  1 -5 -1  2  5 -8  3  8 -3  6  4 -6]
 [-1 -3  6  1  2 -6 -4  7  5 -7  4  3 -2 -5]]

Cost = 45934.3490339
Violations = 1

        

Best Feasible Solution ->

[[ 8 -4 -2 -6  4  5  6 -5  3 -7 -8  2  7 -3]
 [-7  6  1  7 -3 -6 -8  4  5  8 -5 -1  3 -4]
 [-5 -7 -8  5  2  8 -4  7 -1 -6  4  6 -2  1]
 [ 6  1  7 -8 -1 -7  3 -2  8  5 -3 -5 -6  2]
 [ 3  8  6 -3 -6 -1  7  1 -2 -4  2  4 -8 -7]
 [-4 -2 -5  1  5  2 -1  8 -7  3  7 -3  4 -8]
 [ 2  3 -4 -2 -8  4 -5 -3  6  1 -6  8 -1  5]
 [-1 -5  3  4  7 -3  2 -6 -4 -2  1 -7  5  6]]

Cost = 47583
Violations = 0

        